main
1007 1
1017 1
1027 1
1037 1
1047 1
1057 1
1067 1
1070 1
1071 1
1072 1
1073 1
1074 1
1075 1
1076 1
1077 2
1078 1
1079 1
1087 1
1097 1
1107 1
1117 1
1127 1
1137 1
1147 1
1157 1
1167 1
1170 1
1171 1
1172 1
1173 1
1174 1
1175 1
1176 1
1177 2
1178 1
1179 1
1187 1
1197 1
1207 1
1217 1
1227 1
1237 1
1247 1
1257 1
1267 1
1270 1
1271 1
1272 1
1273 1
1274 1
1275 1
1276 1
1277 2
1278 1
1279 1
1287 1
1297 1
1307 1
1317 1
1327 1
1337 1
1347 1
1357 1
1367 1
1370 1
1371 1
1372 1
1373 1
1374 1
1375 1
1376 1
1377 2
1378 1
1379 1
1387 1
1397 1
1407 1
1417 1
1427 1
1437 1
1447 1
1457 1
1467 1
1470 1
1471 1
1472 1
1473 1
1474 1
1475 1
1476 1
1477 2
1478 1
1479 1
1487 1
1497 1
1507 1
1517 1
1527 1
1537 1
1547 1
1557 1
1567 1
1570 1
1571 1
1572 1
1573 1
1574 1
1575 1
1576 1
1577 2
1578 1
1579 1
1587 1
1597 1
1607 1
1617 1
1627 1
1637 1
1647 1
1657 1
1667 1
1670 1
1671 1
1672 1
1673 1
1674 1
1675 1
1676 1
1677 2
1678 1
1679 1
1687 1
1697 1
1700 1
1701 1
1702 1
1703 1
1704 1
1705 1
1706 1
1707 2
1708 1
1709 1
1710 1
1711 1
1712 1
1713 1
1714 1
1715 1
1716 1
1717 2
1718 1
1719 1
1720 1
1721 1
1722 1
1723 1
1724 1
1725 1
1726 1
1727 2
1728 1
1729 1
1730 1
1731 1
1732 1
1733 1
1734 1
1735 1
1736 1
1737 2
1738 1
1739 1
1740 1
1741 1
1742 1
1743 1
1744 1
1745 1
1746 1
1747 2
1748 1
1749 1
1750 1
1751 1
1752 1
1753 1
1754 1
1755 1
1756 1
1757 2
1758 1
1759 1
1760 1
1761 1
1762 1
1763 1
1764 1
1765 1
1766 1
1767 2
1768 1
1769 1
1770 2
1771 2
1772 2
1773 2
1774 2
1775 2
1776 2
1777 3
1778 2
1779 2
1780 1
1781 1
1782 1
1783 1
1784 1
1785 1
1786 1
1787 2
1788 1
1789 1
1790 1
1791 1
1792 1
1793 1
1794 1
1795 1
1796 1
1797 2
1798 1
1799 1
1807 1
1817 1
1827 1
1837 1
1847 1
1857 1
1867 1
1870 1
1871 1
1872 1
1873 1
1874 1
1875 1
1876 1
1877 2
1878 1
1879 1
1887 1
1897 1
1907 1
1917 1
1927 1
1937 1
1947 1
1957 1
1967 1
1970 1
1971 1
1972 1
1973 1
1974 1
1975 1
1976 1
1977 2
1978 1
1979 1
1987 1
1997 1
2007 1
2017 1
2027 1
2037 1
2047 1
2057 1
2067 1
2070 1
2071 1
2072 1
2073 1
2074 1
2075 1
2076 1
2077 2
2078 1
2079 1
2087 1
2097 1
2107 1
2117 1
2127 1
2137 1
2147 1
2157 1
2167 1
2170 1
2171 1
2172 1
2173 1
2174 1
2175 1
2176 1
2177 2
2178 1
2179 1
2187 1
2197 1
2207 1
2217 1
2227 1
2237 1
2247 1
2257 1
2267 1
2270 1
2271 1
2272 1
2273 1
2274 1
2275 1
2276 1
2277 2
2278 1
2279 1
2287 1
2297 1
2307 1
2317 1
2327 1
2337 1
2347 1
2357 1
2367 1
2370 1
2371 1
2372 1
2373 1
2374 1
2375 1
2376 1
2377 2
2378 1
2379 1
2387 1
2397 1
2407 1
2417 1
2427 1
2437 1
2447 1
2457 1
2467 1
2470 1
2471 1
2472 1
2473 1
2474 1
2475 1
2476 1
2477 2
2478 1
2479 1
2487 1
2497 1
2507 1
2517 1
2527 1
2537 1
2547 1
2557 1
2567 1
2570 1
2571 1
2572 1
2573 1
2574 1
2575 1
2576 1
2577 2
2578 1
2579 1
2587 1
2597 1
2607 1
2617 1
2627 1
2637 1
2647 1
2657 1
2667 1
2670 1
2671 1
2672 1
2673 1
2674 1
2675 1
2676 1
2677 2
2678 1
2679 1
2687 1
2697 1
2700 1
2701 1
2702 1
2703 1
2704 1
2705 1
2706 1
2707 2
2708 1
2709 1
2710 1
2711 1
2712 1
2713 1
2714 1
2715 1
2716 1
2717 2
2718 1
2719 1
2720 1
2721 1
2722 1
2723 1
2724 1
2725 1
2726 1
2727 2
2728 1
2729 1
2730 1
2731 1
2732 1
2733 1
2734 1
2735 1
2736 1
2737 2
2738 1
2739 1
2740 1
2741 1
2742 1
2743 1
2744 1
2745 1
2746 1
2747 2
2748 1
2749 1
2750 1
2751 1
2752 1
2753 1
2754 1
2755 1
2756 1
2757 2
2758 1
2759 1
2760 1
2761 1
2762 1
2763 1
2764 1
2765 1
2766 1
2767 2
2768 1
2769 1
2770 2
2771 2
2772 2
2773 2
2774 2
2775 2
2776 2
2777 3
2778 2
2779 2
2780 1
2781 1
2782 1
2783 1
2784 1
2785 1
2786 1
2787 2
2788 1
2789 1
2790 1
2791 1
2792 1
2793 1
2794 1
2795 1
2796 1
2797 2
2798 1
2799 1
2807 1
2817 1
2827 1
2837 1
2847 1
2857 1
2867 1
2870 1
2871 1
2872 1
2873 1
2874 1
2875 1
2876 1
2877 2
2878 1
2879 1
2887 1
2897 1
2907 1
2917 1
2927 1
2937 1
2947 1
2957 1
2967 1
2970 1
2971 1
2972 1
2973 1
2974 1
2975 1
2976 1
2977 2
2978 1
2979 1
2987 1
2997 1
3007 1
3017 1
3027 1
3037 1
3047 1
3057 1
3067 1
3070 1
3071 1
3072 1
3073 1
3074 1
3075 1
3076 1
3077 2
3078 1
3079 1
3087 1
3097 1
3107 1
3117 1
3127 1
3137 1
3147 1
3157 1
3167 1
3170 1
3171 1
3172 1
3173 1
3174 1
3175 1
3176 1
3177 2
3178 1
3179 1
3187 1
3197 1
3207 1
3217 1
3227 1
3237 1
3247 1
3257 1
3267 1
3270 1
3271 1
3272 1
3273 1
3274 1
3275 1
3276 1
3277 2
3278 1
3279 1
3287 1
3297 1
3307 1
3317 1
3327 1
3337 1
3347 1
3357 1
3367 1
3370 1
3371 1
3372 1
3373 1
3374 1
3375 1
3376 1
3377 2
3378 1
3379 1
3387 1
3397 1
3407 1
3417 1
3427 1
3437 1
3447 1
3457 1
3467 1
3470 1
3471 1
3472 1
3473 1
3474 1
3475 1
3476 1
3477 2
3478 1
3479 1
3487 1
3497 1
3507 1
3517 1
3527 1
3537 1
3547 1
3557 1
3567 1
3570 1
3571 1
3572 1
3573 1
3574 1
3575 1
3576 1
3577 2
3578 1
3579 1
3587 1
3597 1
3607 1
3617 1
3627 1
3637 1
3647 1
3657 1
3667 1
3670 1
3671 1
3672 1
3673 1
3674 1
3675 1
3676 1
3677 2
3678 1
3679 1
3687 1
3697 1
3700 1
3701 1
3702 1
3703 1
3704 1
3705 1
3706 1
3707 2
3708 1
3709 1
3710 1
3711 1
3712 1
3713 1
3714 1
3715 1
3716 1
3717 2
3718 1
3719 1
3720 1
3721 1
3722 1
3723 1
3724 1
3725 1
3726 1
3727 2
3728 1
3729 1
3730 1
3731 1
3732 1
3733 1
3734 1
3735 1
3736 1
3737 2
3738 1
3739 1
3740 1
3741 1
3742 1
3743 1
3744 1
3745 1
3746 1
3747 2
3748 1
3749 1
3750 1
3751 1
3752 1
3753 1
3754 1
3755 1
3756 1
3757 2
3758 1
3759 1
3760 1
3761 1
3762 1
3763 1
3764 1
3765 1
3766 1
3767 2
3768 1
3769 1
3770 2
3771 2
3772 2
3773 2
3774 2
3775 2
3776 2
3777 3
3778 2
3779 2
3780 1
3781 1
3782 1
3783 1
3784 1
3785 1
3786 1
3787 2
3788 1
3789 1
3790 1
3791 1
3792 1
3793 1
3794 1
3795 1
3796 1
3797 2
3798 1
3799 1
3807 1
3817 1
3827 1
3837 1
3847 1
3857 1
3867 1
3870 1
3871 1
3872 1
3873 1
3874 1
3875 1
3876 1
3877 2
3878 1
3879 1
3887 1
3897 1
3907 1
3917 1
3927 1
3937 1
3947 1
3957 1
3967 1
3970 1
3971 1
3972 1
3973 1
3974 1
3975 1
3976 1
3977 2
3978 1
3979 1
3987 1
3997 1
4007 1
4017 1
4027 1
4037 1
4047 1
4057 1
4067 1
4070 1
4071 1
4072 1
4073 1
4074 1
4075 1
4076 1
4077 2
4078 1
4079 1
4087 1
4097 1
4107 1
4117 1
4127 1
4137 1
4147 1
4157 1
4167 1
4170 1
4171 1
4172 1
4173 1
4174 1
4175 1
4176 1
4177 2
4178 1
4179 1
4187 1
4197 1
4207 1
4217 1
4227 1
4237 1
4247 1
4257 1
4267 1
4270 1
4271 1
4272 1
4273 1
4274 1
4275 1
4276 1
4277 2
4278 1
4279 1
4287 1
4297 1
4307 1
4317 1
4327 1
4337 1
4347 1
4357 1
4367 1
4370 1
4371 1
4372 1
4373 1
4374 1
4375 1
4376 1
4377 2
4378 1
4379 1
4387 1
4397 1
4407 1
4417 1
4427 1
4437 1
4447 1
4457 1
4467 1
4470 1
4471 1
4472 1
4473 1
4474 1
4475 1
4476 1
4477 2
4478 1
4479 1
4487 1
4497 1
4507 1
4517 1
4527 1
4537 1
4547 1
4557 1
4567 1
4570 1
4571 1
4572 1
4573 1
4574 1
4575 1
4576 1
4577 2
4578 1
4579 1
4587 1
4597 1
4607 1
4617 1
4627 1
4637 1
4647 1
4657 1
4667 1
4670 1
4671 1
4672 1
4673 1
4674 1
4675 1
4676 1
4677 2
4678 1
4679 1
4687 1
4697 1
4700 1
4701 1
4702 1
4703 1
4704 1
4705 1
4706 1
4707 2
4708 1
4709 1
4710 1
4711 1
4712 1
4713 1
4714 1
4715 1
4716 1
4717 2
4718 1
4719 1
4720 1
4721 1
4722 1
4723 1
4724 1
4725 1
4726 1
4727 2
4728 1
4729 1
4730 1
4731 1
4732 1
4733 1
4734 1
4735 1
4736 1
4737 2
4738 1
4739 1
4740 1
4741 1
4742 1
4743 1
4744 1
4745 1
4746 1
4747 2
4748 1
4749 1
4750 1
4751 1
4752 1
4753 1
4754 1
4755 1
4756 1
4757 2
4758 1
4759 1
4760 1
4761 1
4762 1
4763 1
4764 1
4765 1
4766 1
4767 2
4768 1
4769 1
4770 2
4771 2
4772 2
4773 2
4774 2
4775 2
4776 2
4777 3
4778 2
4779 2
4780 1
4781 1
4782 1
4783 1
4784 1
4785 1
4786 1
4787 2
4788 1
4789 1
4790 1
4791 1
4792 1
4793 1
4794 1
4795 1
4796 1
4797 2
4798 1
4799 1
4807 1
4817 1
4827 1
4837 1
4847 1
4857 1
4867 1
4870 1
4871 1
4872 1
4873 1
4874 1
4875 1
4876 1
4877 2
4878 1
4879 1
4887 1
4897 1
4907 1
4917 1
4927 1
4937 1
4947 1
4957 1
4967 1
4970 1
4971 1
4972 1
4973 1
4974 1
4975 1
4976 1
4977 2
4978 1
4979 1
4987 1
4997 1
5007 1
5017 1
5027 1
5037 1
5047 1
5057 1
5067 1
5070 1
5071 1
5072 1
5073 1
5074 1
5075 1
5076 1
5077 2
5078 1
5079 1
5087 1
5097 1
5107 1
5117 1
5127 1
5137 1
5147 1
5157 1
5167 1
5170 1
5171 1
5172 1
5173 1
5174 1
5175 1
5176 1
5177 2
5178 1
5179 1
5187 1
5197 1
5207 1
5217 1
5227 1
5237 1
5247 1
5257 1
5267 1
5270 1
5271 1
5272 1
5273 1
5274 1
5275 1
5276 1
5277 2
5278 1
5279 1
5287 1
5297 1
5307 1
5317 1
5327 1
5337 1
5347 1
5357 1
5367 1
5370 1
5371 1
5372 1
5373 1
5374 1
5375 1
5376 1
5377 2
5378 1
5379 1
5387 1
5397 1
5407 1
5417 1
5427 1
5437 1
5447 1
5457 1
5467 1
5470 1
5471 1
5472 1
5473 1
5474 1
5475 1
5476 1
5477 2
5478 1
5479 1
5487 1
5497 1
5507 1
5517 1
5527 1
5537 1
5547 1
5557 1
5567 1
5570 1
5571 1
5572 1
5573 1
5574 1
5575 1
5576 1
5577 2
5578 1
5579 1
5587 1
5597 1
5607 1
5617 1
5627 1
5637 1
5647 1
5657 1
5667 1
5670 1
5671 1
5672 1
5673 1
5674 1
5675 1
5676 1
5677 2
5678 1
5679 1
5687 1
5697 1
5700 1
5701 1
5702 1
5703 1
5704 1
5705 1
5706 1
5707 2
5708 1
5709 1
5710 1
5711 1
5712 1
5713 1
5714 1
5715 1
5716 1
5717 2
5718 1
5719 1
5720 1
5721 1
5722 1
5723 1
5724 1
5725 1
5726 1
5727 2
5728 1
5729 1
5730 1
5731 1
5732 1
5733 1
5734 1
5735 1
5736 1
5737 2
5738 1
5739 1
5740 1
5741 1
5742 1
5743 1
5744 1
5745 1
5746 1
5747 2
5748 1
5749 1
5750 1
5751 1
5752 1
5753 1
5754 1
5755 1
5756 1
5757 2
5758 1
5759 1
5760 1
5761 1
5762 1
5763 1
5764 1
5765 1
5766 1
5767 2
5768 1
5769 1
5770 2
5771 2
5772 2
5773 2
5774 2
5775 2
5776 2
5777 3
5778 2
5779 2
5780 1
5781 1
5782 1
5783 1
5784 1
5785 1
5786 1
5787 2
5788 1
5789 1
5790 1
5791 1
5792 1
5793 1
5794 1
5795 1
5796 1
5797 2
5798 1
5799 1
5807 1
5817 1
5827 1
5837 1
5847 1
5857 1
5867 1
5870 1
5871 1
5872 1
5873 1
5874 1
5875 1
5876 1
5877 2
5878 1
5879 1
5887 1
5897 1
5907 1
5917 1
5927 1
5937 1
5947 1
5957 1
5967 1
5970 1
5971 1
5972 1
5973 1
5974 1
5975 1
5976 1
5977 2
5978 1
5979 1
5987 1
5997 1
6007 1
6017 1
6027 1
6037 1
6047 1
6057 1
6067 1
6070 1
6071 1
6072 1
6073 1
6074 1
6075 1
6076 1
6077 2
6078 1
6079 1
6087 1
6097 1
6107 1
6117 1
6127 1
6137 1
6147 1
6157 1
6167 1
6170 1
6171 1
6172 1
6173 1
6174 1
6175 1
6176 1
6177 2
6178 1
6179 1
6187 1
6197 1
6207 1
6217 1
6227 1
6237 1
6247 1
6257 1
6267 1
6270 1
6271 1
6272 1
6273 1
6274 1
6275 1
6276 1
6277 2
6278 1
6279 1
6287 1
6297 1
6307 1
6317 1
6327 1
6337 1
6347 1
6357 1
6367 1
6370 1
6371 1
6372 1
6373 1
6374 1
6375 1
6376 1
6377 2
6378 1
6379 1
6387 1
6397 1
6407 1
6417 1
6427 1
6437 1
6447 1
6457 1
6467 1
6470 1
6471 1
6472 1
6473 1
6474 1
6475 1
6476 1
6477 2
6478 1
6479 1
6487 1
6497 1
6507 1
6517 1
6527 1
6537 1
6547 1
6557 1
6567 1
6570 1
6571 1
6572 1
6573 1
6574 1
6575 1
6576 1
6577 2
6578 1
6579 1
6587 1
6597 1
6607 1
6617 1
6627 1
6637 1
6647 1
6657 1
6667 1
6670 1
6671 1
6672 1
6673 1
6674 1
6675 1
6676 1
6677 2
6678 1
6679 1
6687 1
6697 1
6700 1
6701 1
6702 1
6703 1
6704 1
6705 1
6706 1
6707 2
6708 1
6709 1
6710 1
6711 1
6712 1
6713 1
6714 1
6715 1
6716 1
6717 2
6718 1
6719 1
6720 1
6721 1
6722 1
6723 1
6724 1
6725 1
6726 1
6727 2
6728 1
6729 1
6730 1
6731 1
6732 1
6733 1
6734 1
6735 1
6736 1
6737 2
6738 1
6739 1
6740 1
6741 1
6742 1
6743 1
6744 1
6745 1
6746 1
6747 2
6748 1
6749 1
6750 1
6751 1
6752 1
6753 1
6754 1
6755 1
6756 1
6757 2
6758 1
6759 1
6760 1
6761 1
6762 1
6763 1
6764 1
6765 1
6766 1
6767 2
6768 1
6769 1
6770 2
6771 2
6772 2
6773 2
6774 2
6775 2
6776 2
6777 3
6778 2
6779 2
6780 1
6781 1
6782 1
6783 1
6784 1
6785 1
6786 1
6787 2
6788 1
6789 1
6790 1
6791 1
6792 1
6793 1
6794 1
6795 1
6796 1
6797 2
6798 1
6799 1
6807 1
6817 1
6827 1
6837 1
6847 1
6857 1
6867 1
6870 1
6871 1
6872 1
6873 1
6874 1
6875 1
6876 1
6877 2
6878 1
6879 1
6887 1
6897 1
6907 1
6917 1
6927 1
6937 1
6947 1
6957 1
6967 1
6970 1
6971 1
6972 1
6973 1
6974 1
6975 1
6976 1
6977 2
6978 1
6979 1
6987 1
6997 1
7000 1
7001 1
7002 1
7003 1
7004 1
7005 1
7006 1
7007 2
7008 1
7009 1
7010 1
7011 1
7012 1
7013 1
7014 1
7015 1
7016 1
7017 2
7018 1
7019 1
7020 1
7021 1
7022 1
7023 1
7024 1
7025 1
7026 1
7027 2
7028 1
7029 1
7030 1
7031 1
7032 1
7033 1
7034 1
7035 1
7036 1
7037 2
7038 1
7039 1
7040 1
7041 1
7042 1
7043 1
7044 1
7045 1
7046 1
7047 2
7048 1
7049 1
7050 1
7051 1
7052 1
7053 1
7054 1
7055 1
7056 1
7057 2
7058 1
7059 1
7060 1
7061 1
7062 1
7063 1
7064 1
7065 1
7066 1
7067 2
7068 1
7069 1
7070 2
7071 2
7072 2
7073 2
7074 2
7075 2
7076 2
7077 3
7078 2
7079 2
7080 1
7081 1
7082 1
7083 1
7084 1
7085 1
7086 1
7087 2
7088 1
7089 1
7090 1
7091 1
7092 1
7093 1
7094 1
7095 1
7096 1
7097 2
7098 1
7099 1
7100 1
7101 1
7102 1
7103 1
7104 1
7105 1
7106 1
7107 2
7108 1
7109 1
7110 1
7111 1
7112 1
7113 1
7114 1
7115 1
7116 1
7117 2
7118 1
7119 1
7120 1
7121 1
7122 1
7123 1
7124 1
7125 1
7126 1
7127 2
7128 1
7129 1
7130 1
7131 1
7132 1
7133 1
7134 1
7135 1
7136 1
7137 2
7138 1
7139 1
7140 1
7141 1
7142 1
7143 1
7144 1
7145 1
7146 1
7147 2
7148 1
7149 1
7150 1
7151 1
7152 1
7153 1
7154 1
7155 1
7156 1
7157 2
7158 1
7159 1
7160 1
7161 1
7162 1
7163 1
7164 1
7165 1
7166 1
7167 2
7168 1
7169 1
7170 2
7171 2
7172 2
7173 2
7174 2
7175 2
7176 2
7177 3
7178 2
7179 2
7180 1
7181 1
7182 1
7183 1
7184 1
7185 1
7186 1
7187 2
7188 1
7189 1
7190 1
7191 1
7192 1
7193 1
7194 1
7195 1
7196 1
7197 2
7198 1
7199 1
7200 1
7201 1
7202 1
7203 1
7204 1
7205 1
7206 1
7207 2
7208 1
7209 1
7210 1
7211 1
7212 1
7213 1
7214 1
7215 1
7216 1
7217 2
7218 1
7219 1
7220 1
7221 1
7222 1
7223 1
7224 1
7225 1
7226 1
7227 2
7228 1
7229 1
7230 1
7231 1
7232 1
7233 1
7234 1
7235 1
7236 1
7237 2
7238 1
7239 1
7240 1
7241 1
7242 1
7243 1
7244 1
7245 1
7246 1
7247 2
7248 1
7249 1
7250 1
7251 1
7252 1
7253 1
7254 1
7255 1
7256 1
7257 2
7258 1
7259 1
7260 1
7261 1
7262 1
7263 1
7264 1
7265 1
7266 1
7267 2
7268 1
7269 1
7270 2
7271 2
7272 2
7273 2
7274 2
7275 2
7276 2
7277 3
7278 2
7279 2
7280 1
7281 1
7282 1
7283 1
7284 1
7285 1
7286 1
7287 2
7288 1
7289 1
7290 1
7291 1
7292 1
7293 1
7294 1
7295 1
7296 1
7297 2
7298 1
7299 1
7300 1
7301 1
7302 1
7303 1
7304 1
7305 1
7306 1
7307 2
7308 1
7309 1
7310 1
7311 1
7312 1
7313 1
7314 1
7315 1
7316 1
7317 2
7318 1
7319 1
7320 1
7321 1
7322 1
7323 1
7324 1
7325 1
7326 1
7327 2
7328 1
7329 1
7330 1
7331 1
7332 1
7333 1
7334 1
7335 1
7336 1
7337 2
7338 1
7339 1
7340 1
7341 1
7342 1
7343 1
7344 1
7345 1
7346 1
7347 2
7348 1
7349 1
7350 1
7351 1
7352 1
7353 1
7354 1
7355 1
7356 1
7357 2
7358 1
7359 1
7360 1
7361 1
7362 1
7363 1
7364 1
7365 1
7366 1
7367 2
7368 1
7369 1
7370 2
7371 2
7372 2
7373 2
7374 2
7375 2
7376 2
7377 3
7378 2
7379 2
7380 1
7381 1
7382 1
7383 1
7384 1
7385 1
7386 1
7387 2
7388 1
7389 1
7390 1
7391 1
7392 1
7393 1
7394 1
7395 1
7396 1
7397 2
7398 1
7399 1
7400 1
7401 1
7402 1
7403 1
7404 1
7405 1
7406 1
7407 2
7408 1
7409 1
7410 1
7411 1
7412 1
7413 1
7414 1
7415 1
7416 1
7417 2
7418 1
7419 1
7420 1
7421 1
7422 1
7423 1
7424 1
7425 1
7426 1
7427 2
7428 1
7429 1
7430 1
7431 1
7432 1
7433 1
7434 1
7435 1
7436 1
7437 2
7438 1
7439 1
7440 1
7441 1
7442 1
7443 1
7444 1
7445 1
7446 1
7447 2
7448 1
7449 1
7450 1
7451 1
7452 1
7453 1
7454 1
7455 1
7456 1
7457 2
7458 1
7459 1
7460 1
7461 1
7462 1
7463 1
7464 1
7465 1
7466 1
7467 2
7468 1
7469 1
7470 2
7471 2
7472 2
7473 2
7474 2
7475 2
7476 2
7477 3
7478 2
7479 2
7480 1
7481 1
7482 1
7483 1
7484 1
7485 1
7486 1
7487 2
7488 1
7489 1
7490 1
7491 1
7492 1
7493 1
7494 1
7495 1
7496 1
7497 2
7498 1
7499 1
7500 1
7501 1
7502 1
7503 1
7504 1
7505 1
7506 1
7507 2
7508 1
7509 1
7510 1
7511 1
7512 1
7513 1
7514 1
7515 1
7516 1
7517 2
7518 1
7519 1
7520 1
7521 1
7522 1
7523 1
7524 1
7525 1
7526 1
7527 2
7528 1
7529 1
7530 1
7531 1
7532 1
7533 1
7534 1
7535 1
7536 1
7537 2
7538 1
7539 1
7540 1
7541 1
7542 1
7543 1
7544 1
7545 1
7546 1
7547 2
7548 1
7549 1
7550 1
7551 1
7552 1
7553 1
7554 1
7555 1
7556 1
7557 2
7558 1
7559 1
7560 1
7561 1
7562 1
7563 1
7564 1
7565 1
7566 1
7567 2
7568 1
7569 1
7570 2
7571 2
7572 2
7573 2
7574 2
7575 2
7576 2
7577 3
7578 2
7579 2
7580 1
7581 1
7582 1
7583 1
7584 1
7585 1
7586 1
7587 2
7588 1
7589 1
7590 1
7591 1
7592 1
7593 1
7594 1
7595 1
7596 1
7597 2
7598 1
7599 1
7600 1
7601 1
7602 1
7603 1
7604 1
7605 1
7606 1
7607 2
7608 1
7609 1
7610 1
7611 1
7612 1
7613 1
7614 1
7615 1
7616 1
7617 2
7618 1
7619 1
7620 1
7621 1
7622 1
7623 1
7624 1
7625 1
7626 1
7627 2
7628 1
7629 1
7630 1
7631 1
7632 1
7633 1
7634 1
7635 1
7636 1
7637 2
7638 1
7639 1
7640 1
7641 1
7642 1
7643 1
7644 1
7645 1
7646 1
7647 2
7648 1
7649 1
7650 1
7651 1
7652 1
7653 1
7654 1
7655 1
7656 1
7657 2
7658 1
7659 1
7660 1
7661 1
7662 1
7663 1
7664 1
7665 1
7666 1
7667 2
7668 1
7669 1
7670 2
7671 2
7672 2
7673 2
7674 2
7675 2
7676 2
7677 3
7678 2
7679 2
7680 1
7681 1
7682 1
7683 1
7684 1
7685 1
7686 1
7687 2
7688 1
7689 1
7690 1
7691 1
7692 1
7693 1
7694 1
7695 1
7696 1
7697 2
7698 1
7699 1
7700 2
7701 2
7702 2
7703 2
7704 2
7705 2
7706 2
7707 3
7708 2
7709 2
7710 2
7711 2
7712 2
7713 2
7714 2
7715 2
7716 2
7717 3
7718 2
7719 2
7720 2
7721 2
7722 2
7723 2
7724 2
7725 2
7726 2
7727 3
7728 2
7729 2
7730 2
7731 2
7732 2
7733 2
7734 2
7735 2
7736 2
7737 3
7738 2
7739 2
7740 2
7741 2
7742 2
7743 2
7744 2
7745 2
7746 2
7747 3
7748 2
7749 2
7750 2
7751 2
7752 2
7753 2
7754 2
7755 2
7756 2
7757 3
7758 2
7759 2
7760 2
7761 2
7762 2
7763 2
7764 2
7765 2
7766 2
7767 3
7768 2
7769 2
7770 3
7771 3
7772 3
7773 3
7774 3
7775 3
7776 3
7777 4
7778 3
7779 3
7780 2
7781 2
7782 2
7783 2
7784 2
7785 2
7786 2
7787 3
7788 2
7789 2
7790 2
7791 2
7792 2
7793 2
7794 2
7795 2
7796 2
7797 3
7798 2
7799 2
7800 1
7801 1
7802 1
7803 1
7804 1
7805 1
7806 1
7807 2
7808 1
7809 1
7810 1
7811 1
7812 1
7813 1
7814 1
7815 1
7816 1
7817 2
7818 1
7819 1
7820 1
7821 1
7822 1
7823 1
7824 1
7825 1
7826 1
7827 2
7828 1
7829 1
7830 1
7831 1
7832 1
7833 1
7834 1
7835 1
7836 1
7837 2
7838 1
7839 1
7840 1
7841 1
7842 1
7843 1
7844 1
7845 1
7846 1
7847 2
7848 1
7849 1
7850 1
7851 1
7852 1
7853 1
7854 1
7855 1
7856 1
7857 2
7858 1
7859 1
7860 1
7861 1
7862 1
7863 1
7864 1
7865 1
7866 1
7867 2
7868 1
7869 1
7870 2
7871 2
7872 2
7873 2
7874 2
7875 2
7876 2
7877 3
7878 2
7879 2
7880 1
7881 1
7882 1
7883 1
7884 1
7885 1
7886 1
7887 2
7888 1
7889 1
7890 1
7891 1
7892 1
7893 1
7894 1
7895 1
7896 1
7897 2
7898 1
7899 1
7900 1
7901 1
7902 1
7903 1
7904 1
7905 1
7906 1
7907 2
7908 1
7909 1
7910 1
7911 1
7912 1
7913 1
7914 1
7915 1
7916 1
7917 2
7918 1
7919 1
7920 1
7921 1
7922 1
7923 1
7924 1
7925 1
7926 1
7927 2
7928 1
7929 1
7930 1
7931 1
7932 1
7933 1
7934 1
7935 1
7936 1
7937 2
7938 1
7939 1
7940 1
7941 1
7942 1
7943 1
7944 1
7945 1
7946 1
7947 2
7948 1
7949 1
7950 1
7951 1
7952 1
7953 1
7954 1
7955 1
7956 1
7957 2
7958 1
7959 1
7960 1
7961 1
7962 1
7963 1
7964 1
7965 1
7966 1
7967 2
7968 1
7969 1
7970 2
7971 2
7972 2
7973 2
7974 2
7975 2
7976 2
7977 3
7978 2
7979 2
7980 1
7981 1
7982 1
7983 1
7984 1
7985 1
7986 1
7987 2
7988 1
7989 1
7990 1
7991 1
7992 1
7993 1
7994 1
7995 1
7996 1
7997 2
7998 1
7999 1
8007 1
8017 1
8027 1
8037 1
8047 1
8057 1
8067 1
8070 1
8071 1
8072 1
8073 1
8074 1
8075 1
8076 1
8077 2
8078 1
8079 1
8087 1
8097 1
8107 1
8117 1
8127 1
8137 1
8147 1
8157 1
8167 1
8170 1
8171 1
8172 1
8173 1
8174 1
8175 1
8176 1
8177 2
8178 1
8179 1
8187 1
8197 1
8207 1
8217 1
8227 1
8237 1
8247 1
8257 1
8267 1
8270 1
8271 1
8272 1
8273 1
8274 1
8275 1
8276 1
8277 2
8278 1
8279 1
8287 1
8297 1
8307 1
8317 1
8327 1
8337 1
8347 1
8357 1
8367 1
8370 1
8371 1
8372 1
8373 1
8374 1
8375 1
8376 1
8377 2
8378 1
8379 1
8387 1
8397 1
8407 1
8417 1
8427 1
8437 1
8447 1
8457 1
8467 1
8470 1
8471 1
8472 1
8473 1
8474 1
8475 1
8476 1
8477 2
8478 1
8479 1
8487 1
8497 1
8507 1
8517 1
8527 1
8537 1
8547 1
8557 1
8567 1
8570 1
8571 1
8572 1
8573 1
8574 1
8575 1
8576 1
8577 2
8578 1
8579 1
8587 1
8597 1
8607 1
8617 1
8627 1
8637 1
8647 1
8657 1
8667 1
8670 1
8671 1
8672 1
8673 1
8674 1
8675 1
8676 1
8677 2
8678 1
8679 1
8687 1
8697 1
8700 1
8701 1
8702 1
8703 1
8704 1
8705 1
8706 1
8707 2
8708 1
8709 1
8710 1
8711 1
8712 1
8713 1
8714 1
8715 1
8716 1
8717 2
8718 1
8719 1
8720 1
8721 1
8722 1
8723 1
8724 1
8725 1
8726 1
8727 2
8728 1
8729 1
8730 1
8731 1
8732 1
8733 1
8734 1
8735 1
8736 1
8737 2
8738 1
8739 1
8740 1
8741 1
8742 1
8743 1
8744 1
8745 1
8746 1
8747 2
8748 1
8749 1
8750 1
8751 1
8752 1
8753 1
8754 1
8755 1
8756 1
8757 2
8758 1
8759 1
8760 1
8761 1
8762 1
8763 1
8764 1
8765 1
8766 1
8767 2
8768 1
8769 1
8770 2
8771 2
8772 2
8773 2
8774 2
8775 2
8776 2
8777 3
8778 2
8779 2
8780 1
8781 1
8782 1
8783 1
8784 1
8785 1
8786 1
8787 2
8788 1
8789 1
8790 1
8791 1
8792 1
8793 1
8794 1
8795 1
8796 1
8797 2
8798 1
8799 1
8807 1
8817 1
8827 1
8837 1
8847 1
8857 1
8867 1
8870 1
8871 1
8872 1
8873 1
8874 1
8875 1
8876 1
8877 2
8878 1
8879 1
8887 1
8897 1
8907 1
8917 1
8927 1
8937 1
8947 1
8957 1
8967 1
8970 1
8971 1
8972 1
8973 1
8974 1
8975 1
8976 1
8977 2
8978 1
8979 1
8987 1
8997 1
9007 1
9017 1
9027 1
9037 1
9047 1
9057 1
9067 1
9070 1
9071 1
9072 1
9073 1
9074 1
9075 1
9076 1
9077 2
9078 1
9079 1
9087 1
9097 1
9107 1
9117 1
9127 1
9137 1
9147 1
9157 1
9167 1
9170 1
9171 1
9172 1
9173 1
9174 1
9175 1
9176 1
9177 2
9178 1
9179 1
9187 1
9197 1
9207 1
9217 1
9227 1
9237 1
9247 1
9257 1
9267 1
9270 1
9271 1
9272 1
9273 1
9274 1
9275 1
9276 1
9277 2
9278 1
9279 1
9287 1
9297 1
9307 1
9317 1
9327 1
9337 1
9347 1
9357 1
9367 1
9370 1
9371 1
9372 1
9373 1
9374 1
9375 1
9376 1
9377 2
9378 1
9379 1
9387 1
9397 1
9407 1
9417 1
9427 1
9437 1
9447 1
9457 1
9467 1
9470 1
9471 1
9472 1
9473 1
9474 1
9475 1
9476 1
9477 2
9478 1
9479 1
9487 1
9497 1
9507 1
9517 1
9527 1
9537 1
9547 1
9557 1
9567 1
9570 1
9571 1
9572 1
9573 1
9574 1
9575 1
9576 1
9577 2
9578 1
9579 1
9587 1
9597 1
9607 1
9617 1
9627 1
9637 1
9647 1
9657 1
9667 1
9670 1
9671 1
9672 1
9673 1
9674 1
9675 1
9676 1
9677 2
9678 1
9679 1
9687 1
9697 1
9700 1
9701 1
9702 1
9703 1
9704 1
9705 1
9706 1
9707 2
9708 1
9709 1
9710 1
9711 1
9712 1
9713 1
9714 1
9715 1
9716 1
9717 2
9718 1
9719 1
9720 1
9721 1
9722 1
9723 1
9724 1
9725 1
9726 1
9727 2
9728 1
9729 1
9730 1
9731 1
9732 1
9733 1
9734 1
9735 1
9736 1
9737 2
9738 1
9739 1
9740 1
9741 1
9742 1
9743 1
9744 1
9745 1
9746 1
9747 2
9748 1
9749 1
9750 1
9751 1
9752 1
9753 1
9754 1
9755 1
9756 1
9757 2
9758 1
9759 1
9760 1
9761 1
9762 1
9763 1
9764 1
9765 1
9766 1
9767 2
9768 1
9769 1
9770 2
9771 2
9772 2
9773 2
9774 2
9775 2
9776 2
9777 3
9778 2
9779 2
9780 1
9781 1
9782 1
9783 1
9784 1
9785 1
9786 1
9787 2
9788 1
9789 1
9790 1
9791 1
9792 1
9793 1
9794 1
9795 1
9796 1
9797 2
9798 1
9799 1
9807 1
9817 1
9827 1
9837 1
9847 1
9857 1
9867 1
9870 1
9871 1
9872 1
9873 1
9874 1
9875 1
9876 1
9877 2
9878 1
9879 1
9887 1
9897 1
9907 1
9917 1
9927 1
9937 1
9947 1
9957 1
9967 1
9970 1
9971 1
9972 1
9973 1
9974 1
9975 1
9976 1
9977 2
9978 1
9979 1
9987 1
9997 1
total: 3168
[271, 271, 271, 271, 271, 271, 1000, 271, 271]
