0949257795
0997258937
0981041851
0938562052
0906347199
0951305833
0946451463
0979399135
0935459469
0959740631
0962767054
0989449643
0982909095
0944909883
0903082078
0974147139
0920171390
0953242393
0979620305
0922672245
0950916117
0986361728
0960035983
0935854064
0977271720
0932388235
0930130823
0918518513
0938870832
0982646366
0965568273
0986345582
0951492601
0999041082
0925982204
0965187939
0998693985
0925272751
0911554469
0929373596
0924886327
0974983462
0968130769
0921582060
0954853499
0947591599
0906026343
0971325271
0918524554
0910261134
0918924290
0921823201
0994520256
0986014966
0982084397
0940143091
0938015107
0923847976
0948166041
0915937423
0922032526
0918797870
0989344853
0907097614
0973471793
0946825623
0996401172
0912329695
0910814175
0981139891
0999723510
0901308607
0907248357
0939931481
0929659394
0911995773
0986380088
0958587350
0960628374
0995289057
0966048519
0987113918
0956470014
0901856642
0965175503
0942064298
0945527488
0931290527
0977949832
0924643583
0940172417
0905167784
0955734230
0987333229
0984377936
0952857187
0959429836
0951364947
0967377065
0970646962
