1003
1007
1027
1037
1073
1079
1081
1121
1139
1147
1157
1159
1189
1207
1219
1241
1247
1261
1271
1273
1313
1333
1339
1343
1349
1357
1363
1369
1387
1391
1403
1411
1417
1457
1469
1501
1513
1517
1537
1541
1577
1591
1633
1643
1649
1651
1679
1681
1691
1703
1711
1717
1739
1751
1763
1769
1781
1807
1817
1819
1829
1843
1849
1853
1891
1909
1919
1921
1927
1937
1943
1957
1961
1963
2021
2033
2041
2047
2059
2071
2077
2117
2119
2147
2159
2171
2173
2183
2197
2201
2209
2227
2231
2249
2257
2263
2279
2291
2323
2327
2329
2353
2363
2369
2407
2413
2419
2449
2461
2479
2483
2489
2491
2501
2507
2509
2533
2537
2561
2567
2573
2581
2587
2599
2603
2623
2627
2641
2669
2701
2743
2747
2759
2771
2773
2809
2813
2831
2839
2867
2869
2873
2881
2899
2911
2921
2923
2929
2941
2951
2977
2983
2987
2993
3007
3013
3029
3043
3053
3071
3077
3097
3103
3107
3127
3131
3133
3139
3149
3151
3161
3173
3193
3197
3211
3233
3239
3247
3263
3277
3281
3287
3293
3317
3337
3341
3349
3379
3383
3397
3401
3403
3419
3427
3431
3439
3473
3481
3497
3503
3523
3551
3569
3587
3589
3599
3601
3611
3629
3649
3653
3667
3679
3683
3713
3721
3737
3743
3749
3757
3763
3781
3791
3799
3809
3811
3827
3841
3859
3869
3887
3893
3901
3937
3953
3959
3961
3973
3977
3979
3991
4009
4031
4033
4043
4061
4063
4069
4087
4097
4117
4121
4141
4163
4171
4181
4183
4187
4189
4199
4223
4237
4247
4267
4303
4307
4309
4313
4321
4331
4343
4351
4369
4379
4381
4387
4393
4399
4427
4429
4439
4453
4469
4471
4489
4511
4531
4537
4541
4553
4559
4573
4577
4579
4589
4601
4607
4619
4633
4661
4667
4681
4687
4693
4699
4709
4717
4727
4747
4757
4769
4771
4777
4811
4819
4841
4843
4847
4849
4853
4859
4867
4883
4891
4897
4901
4913
4927
4979
4981
4997
5017
5029
5041
5053
5057
5063
5069
5083
5111
5123
5129
5141
5143
5149
5161
5177
5183
5191
5207
5213
5219
5221
5239
5249
5251
5263
5267
5287
5293
5311
5317
5321
5329
5339
5353
5359
5363
5371
5377
5389
5429
5447
5459
5461
5473
5491
5497
5513
5539
5543
5549
5561
5567
5587
5597
5603
5609
5611
5617
5627
5629
5633
5671
5681
5699
5707
5713
5723
5729
5759
5767
5771
5773
5777
5809
5833
5837
5891
5893
5899
5909
5911
5917
5921
5933
5941
5947
5959
5963
5969
5977
5983
5989
5993
6001
6019
6023
6031
6049
6059
6071
6077
6103
6107
6109
6119
6137
6157
6161
6169
6179
6187
6191
6227
6233
6239
6241
6253
6283
6289
6313
6319
6331
6341
6371
6383
6401
6403
6407
6409
6431
6437
6439
6443
6463
6467
6487
6493
6497
6499
6509
6511
6527
6533
6539
6541
6557
6583
6593
6613
6617
6623
6631
6641
6647
6649
6667
6683
6697
6707
6731
6739
6749
6751
6757
6767
6773
6799
6817
6821
6847
6851
6859
6877
6887
6889
6893
6901
6913
6929
6931
6943
6953
6973
6989
7003
7009
7031
7033
7037
7061
7067
7081
7087
7093
7097
7099
7111
7123
7141
7153
7157
7163
7169
7171
7181
7199
7201
7223
7241
7261
7267
7277
7279
7289
7291
7303
7313
7319
7327
7339
7361
7363
7367
7373
7379
7387
7391
7397
7409
7421
7423
7429
7439
7453
7463
7471
7493
7501
7519
7531
7543
7571
7597
7613
7619
7627
7631
7633
7657
7661
7663
7697
7709
7729
7739
7747
7751
7769
7771
7781
7783
7787
7801
7807
7811
7813
7831
7837
7849
7859
7871
7891
7897
7913
7921
7939
7943
7957
7961
7967
7969
7979
7981
7991
7999
8003
8021
8023
8027
8033
8047
8051
8077
8083
8119
8131
8137
8143
8149
8153
8159
8177
8189
8201
8203
8207
8213
8227
8249
8251
8257
8279
8299
8303
8321
8333
8339
8341
8347
8357
8359
8381
8383
8399
8401
8411
8413
8417
8441
8453
8471
8473
8479
8483
8489
8497
8507
8509
8531
8549
8551
8557
8567
8579
8587
8593
8611
8621
8633
8639
8651
8653
8671
8683
8711
8717
8749
8759
8773
8777
8791
8797
8801
8809
8843
8851
8857
8873
8879
8881
8891
8903
8909
8917
8927
8947
8957
8959
8977
8983
8989
8993
9017
9019
9047
9061
9071
9073
9077
9083
9089
9101
9113
9131
9139
9143
9167
9169
9179
9193
9197
9211
9217
9223
9253
9259
9263
9269
9271
9287
9299
9301
9307
9313
9329
9347
9353
9367
9379
9389
9407
9409
9451
9469
9481
9487
9503
9509
9517
9523
9529
9553
9557
9563
9571
9577
9589
9593
9599
9607
9617
9637
9641
9659
9671
9673
9683
9701
9703
9707
9727
9731
9761
9763
9773
9797
9799
9809
9827
9841
9847
9853
9869
9881
9893
9899
9913
9917
9937
9943
9953
9959
9971
9979
9983
9991
9997
